,SnomedCTConceptId,medcodeid,Observations,OrigReadCode,CleansedReadCode,Term.x,SnomedDescriptionId,Release,EmisCodeCategoryId,Term.y,Disease,Otherinstructions,origin,Comments
2,1067201000000106,8440231000006115,5,^ESCTEA844023,NA,Eating disorder co-occurrent with diabetes mellitus type 1,2680481000000110,NA,31,Eating disorder co-occurrent with diabetes mellitus type 1 (disorder),Diabetes,,['Caliber'],covid_impact_ccu00201_diabetes_England_SNOMEDCT AND covid_impact_ccu00202_diabetes_England_SNOMEDCT AND covid_impact_ccu000_England_diabetes_SNOMEDCT AND carr_diabetes_jQLxtg2Z3zPcXWge5Nv9tU_SNOMEDCT
3,111307005,1219628016,8,C1zy3-1,C1zy311,Donohue's syndrome,1219628016,NA,32,Leprechaunism syndrome (disorder),Diabetes,,['Caliber'],covid_impact_ccu00201_diabetes_England_SNOMEDCT AND covid_impact_ccu00202_diabetes_England_SNOMEDCT AND covid_impact_ccu000_England_diabetes_SNOMEDCT AND carr_diabetes_jQLxtg2Z3zPcXWge5Nv9tU_SNOMEDCT
4,111307005,1219629012,30,C1zy3,C1zy300,Leprechaunism,1219629012,NA,32,Leprechaunism syndrome (disorder),Diabetes,,['Caliber'],covid_impact_ccu00201_diabetes_England_SNOMEDCT AND covid_impact_ccu00202_diabetes_England_SNOMEDCT AND covid_impact_ccu000_England_diabetes_SNOMEDCT AND carr_diabetes_jQLxtg2Z3zPcXWge5Nv9tU_SNOMEDCT
5,111552007,457327017,300,C10EA-2,C10EA12,Insulin-dependent diabetes without complication,178796018,NA,32,Insulin-dependent diabetes without complication,Diabetes Type One,,['Lauren_codelist'],snomed_for_LW_codelist_using_Pieta_powerQuery_DiabetesSplitIntoType1or2
7,111552007,292466013,20000,C100,C100.00,Diabetes mellitus without complication,178796018,NA,32,Insulin-dependent diabetes without complication,Diabetes Type One,,['Lauren_codelist'],snomed_for_LW_codelist_using_Pieta_powerQuery_DiabetesSplitIntoType1or2
9,111552007,292475010,5000,C100z,C100z00,Diabetes mellitus NOS with no mention of complication,178796018,NA,32,Insulin-dependent diabetes without complication,Diabetes Type One,,['Lauren_codelist'],snomed_for_LW_codelist_using_Pieta_powerQuery_DiabetesSplitIntoType1or2
11,111552007,746791000006111,500,C108A,C108A00,Insulin-dependent diabetes without complication,178796018,NA,32,Insulin-dependent diabetes without complication,Diabetes Type One,,['Lauren_codelist'],snomed_for_LW_codelist_using_Pieta_powerQuery_DiabetesSplitIntoType1or2
13,11530004,72651000006114,100,C1084,C108400,Unstable insulin dependent diabetes mellitus,19931010,NA,27,Unstable insulin dependent diabetes mellitus,Diabetes Type One,,['Lauren_codelist'],snomed_for_LW_codelist_using_Pieta_powerQuery_DiabetesSplitIntoType1or2
15,11530004,2683561000006119,60,^ESCTBR268356,NA,Brittle diabetes mellitus,2658852011,NA,27,Unstable insulin dependent diabetes mellitus,Diabetes Type One,,['Lauren_codelist'],snomed_for_LW_codelist_using_Pieta_powerQuery_DiabetesSplitIntoType1or2
17,11530004,2683591000006110,2,^ESCTUN268359,NA,Unstable diabetes mellitus,2871747019,NA,27,Unstable insulin dependent diabetes mellitus,Diabetes Type One,,['Lauren_codelist'],snomed_for_LW_codelist_using_Pieta_powerQuery_DiabetesSplitIntoType1or2
19,11530004,19931010,2000,66AJ1,66AJ100,Brittle diabetes,19931010,NA,27,Unstable insulin dependent diabetes mellitus,Diabetes Type One,,['Lauren_codelist'],snomed_for_LW_codelist_using_Pieta_powerQuery_DiabetesSplitIntoType1or2
21,11530004,411891014,4000,66AJ-1,66AJ.11,Unstable diabetes,19931010,NA,27,Unstable insulin dependent diabetes mellitus,Diabetes Type One,,['Lauren_codelist'],snomed_for_LW_codelist_using_Pieta_powerQuery_DiabetesSplitIntoType1or2
23,11530004,2683581000006112,50,^ESCTLA268358,NA,Labile diabetes,1220208016,NA,27,Unstable insulin dependent diabetes mellitus,Diabetes Type One,,['Lauren_codelist'],snomed_for_LW_codelist_using_Pieta_powerQuery_DiabetesSplitIntoType1or2
25,11530004,429972014,100,C10E4-2,C10E412,Unstable insulin dependent diabetes mellitus,19931010,NA,27,Unstable insulin dependent diabetes mellitus,Diabetes Type One,,['Lauren_codelist'],snomed_for_LW_codelist_using_Pieta_powerQuery_DiabetesSplitIntoType1or2
28,190330002,292482014,20,C1020,C102000,"Diabetes mellitus, juvenile type, with hyperosmolar coma",292482014,NA,32,"Diabetes mellitus, juvenile type, with hyperosmolar coma",Diabetes Type One,,['efi AND Lauren_codelist'],eFI2 SNOMED CT 0.24 Renamed ConditionsPowerQuery_DiabetesSplitIntoType1or2 AND snomed_for_LW_codelist_using_Pieta_powerQuery_DiabetesSplitIntoType1or2
29,190368000,292540012,300,C10E5,C10E500,Type 1 diabetes mellitus with ulcer,292540012,NA,32,Type I diabetes mellitus with ulcer,Diabetes Type One,,['efi AND Lauren_codelist'],eFI2 SNOMED CT 0.24 Renamed ConditionsPowerQuery_DiabetesSplitIntoType1or2 AND snomed_for_LW_codelist_using_Pieta_powerQuery_DiabetesSplitIntoType1or2
31,190368000,292538019,10,C10E5-1,C10E511,Type I diabetes mellitus with ulcer,292538019,NA,32,Type I diabetes mellitus with ulcer,Diabetes Type One,,['efi AND Lauren_codelist'],eFI2 SNOMED CT 0.24 Renamed ConditionsPowerQuery_DiabetesSplitIntoType1or2 AND snomed_for_LW_codelist_using_Pieta_powerQuery_DiabetesSplitIntoType1or2
33,190368000,84451000006112,30,C1085-2,C108512,Type 1 diabetes mellitus with ulcer,292540012,NA,32,Type I diabetes mellitus with ulcer,Diabetes Type One,,['efi AND Lauren_codelist'],eFI2 SNOMED CT 0.24 Renamed ConditionsPowerQuery_DiabetesSplitIntoType1or2 AND snomed_for_LW_codelist_using_Pieta_powerQuery_DiabetesSplitIntoType1or2
35,190368000,84821000006118,20,C1085-1,C108511,Type I diabetes mellitus with ulcer,292538019,NA,32,Type I diabetes mellitus with ulcer,Diabetes Type One,,['efi AND Lauren_codelist'],eFI2 SNOMED CT 0.24 Renamed ConditionsPowerQuery_DiabetesSplitIntoType1or2 AND snomed_for_LW_codelist_using_Pieta_powerQuery_DiabetesSplitIntoType1or2
39,190372001,292551012,30,C10E9-1,C10E911,Type I diabetes mellitus maturity onset,292551012,NA,32,Type I diabetes mellitus maturity onset,Diabetes Type One,,['efi AND Lauren_codelist'],eFI2 SNOMED CT 0.24 Renamed ConditionsPowerQuery_DiabetesSplitIntoType1or2 AND snomed_for_LW_codelist_using_Pieta_powerQuery_DiabetesSplitIntoType1or2
41,190372001,292553010,2000,C10E9,C10E900,Type 1 diabetes mellitus maturity onset,292553010,NA,32,Type I diabetes mellitus maturity onset,Diabetes Type One,,['efi AND Lauren_codelist'],eFI2 SNOMED CT 0.24 Renamed ConditionsPowerQuery_DiabetesSplitIntoType1or2 AND snomed_for_LW_codelist_using_Pieta_powerQuery_DiabetesSplitIntoType1or2
43,190372001,4758121000006115,30,^ESCTIN475812,NA,Insulin-dependent diabetes maturity onset,292552017,NA,32,Type I diabetes mellitus maturity onset,Diabetes Type One,,['efi AND Lauren_codelist'],eFI2 SNOMED CT 0.24 Renamed ConditionsPowerQuery_DiabetesSplitIntoType1or2 AND snomed_for_LW_codelist_using_Pieta_powerQuery_DiabetesSplitIntoType1or2
45,190372001,84301000006116,30,C1089-2,C108912,Type 1 diabetes mellitus maturity onset,292553010,NA,32,Type I diabetes mellitus maturity onset,Diabetes Type One,,['efi AND Lauren_codelist'],eFI2 SNOMED CT 0.24 Renamed ConditionsPowerQuery_DiabetesSplitIntoType1or2 AND snomed_for_LW_codelist_using_Pieta_powerQuery_DiabetesSplitIntoType1or2
47,190372001,84671000006116,200,C1089-1,C108911,Type I diabetes mellitus maturity onset,292551012,NA,32,Type I diabetes mellitus maturity onset,Diabetes Type One,,['efi AND Lauren_codelist'],eFI2 SNOMED CT 0.24 Renamed ConditionsPowerQuery_DiabetesSplitIntoType1or2 AND snomed_for_LW_codelist_using_Pieta_powerQuery_DiabetesSplitIntoType1or2
49,19429009,479493015,100000,M27,M27..00,Chronic skin ulcer,479493015,NA,32,type 1 diabetes mellitus with ulcer,Diabetes Type One,,['efi'],eFI2 SNOMED CT 0.24 Renamed ConditionsPowerQuery_DiabetesSplitIntoType1or2
50,19429009,309188016,70000,M27z,M27z.00,Chronic skin ulcer NOS,479493015,NA,32,type 1 diabetes mellitus with ulcer,Diabetes Type One,,['efi'],eFI2 SNOMED CT 0.24 Renamed ConditionsPowerQuery_DiabetesSplitIntoType1or2
51,19429009,309187014,10000,M27y,M27y.00,Chronic ulcer of skin,32731010,NA,32,type 1 diabetes mellitus with ulcer,Diabetes Type One,,['efi'],eFI2 SNOMED CT 0.24 Renamed ConditionsPowerQuery_DiabetesSplitIntoType1or2
53,201724008,13790071000006114,70,^ESCT1379007,NA,Neuropathic arthropathy due to diabetes mellitus,3775805015,NA,32,type i diabetes mellitus with neuropathic arthropathy,Diabetes Type One,,['efi'],eFI2 SNOMED CT 0.24 Renamed ConditionsPowerQuery_DiabetesSplitIntoType1or2
55,201724008,772131000006111,30,C108J,C108J00,Insulin dependent diab mell with neuropathic arthropathy,309740011,NA,32,type i diabetes mellitus with neuropathic arthropathy,Diabetes Type One,,['efi'],eFI2 SNOMED CT 0.24 Renamed ConditionsPowerQuery_DiabetesSplitIntoType1or2
57,201724008,913981000006115,40,C10EJ-2,C10EJ12,Insulin dependent diab mell with neuropathic arthropathy,309740011,NA,32,type i diabetes mellitus with neuropathic arthropathy,Diabetes Type One,,['efi'],eFI2 SNOMED CT 0.24 Renamed ConditionsPowerQuery_DiabetesSplitIntoType1or2
59,201724008,616971000006114,10000,N0301,N030100,Diabetic Charcot's arthropathy,309739014,NA,32,type i diabetes mellitus with neuropathic arthropathy,Diabetes Type One,,['efi'],eFI2 SNOMED CT 0.24 Renamed ConditionsPowerQuery_DiabetesSplitIntoType1or2
61,201724008,4808921000006113,700,^ESCTDI480892,NA,Diabetic neuropathic arthropathy,309740011,NA,32,type i diabetes mellitus with neuropathic arthropathy,Diabetes Type One,,['efi'],eFI2 SNOMED CT 0.24 Renamed ConditionsPowerQuery_DiabetesSplitIntoType1or2
63,23045005,2867431000006112,6,^ESCTIN286743,NA,Insulin dependent diabetes mellitus type IA,38709010,NA,31,Insulin dependent diabetes mellitus type IA,Diabetes Type One,,['Manchester],diabetes-type-i.snomed
64,23045005,2867421000006114,2,^ESCTIN286742,NA,Insulin dependent diabetes mellitus type 1A,2967774012,NA,31,Insulin dependent diabetes mellitus type IA,Diabetes Type One,,['Manchester],diabetes-type-i.snomed
65,230577008,345492010,2000,F3y0,F3y0.00,Diabetic mononeuropathy,345492010,NA,32,insulin dependent diabetes mellitus with mononeuropathy,Diabetes Type One,,['efi'],eFI2 SNOMED CT 0.24 Renamed ConditionsPowerQuery_DiabetesSplitIntoType1or2
67,230577008,913771000006115,10,C10EB-2,C10EB12,Insulin dependent diabetes mellitus with mononeuropathy,345492010,NA,32,insulin dependent diabetes mellitus with mononeuropathy,Diabetes Type One,,['efi'],eFI2 SNOMED CT 0.24 Renamed ConditionsPowerQuery_DiabetesSplitIntoType1or2
69,230577008,771371000006118,10,C108B,C108B00,Insulin dependent diabetes mellitus with mononeuropathy,345492010,NA,32,insulin dependent diabetes mellitus with mononeuropathy,Diabetes Type One,,['efi'],eFI2 SNOMED CT 0.24 Renamed ConditionsPowerQuery_DiabetesSplitIntoType1or2
71,237618001,356111014,8,ESCTIN27,NA,Insulin-dependent diabetes mellitus secretory diarrhoea syndrome,356111014,NA,32,Insulin-dependent diabetes mellitus secretory diarrhoea synd,Diabetes Type One,,['efi'],eFI2 SNOMED CT 0.24 Renamed ConditionsPowerQuery_DiabetesSplitIntoType1or2
72,237632004,5110071000006112,100,^ESCTHY511007,NA,Hypoglycaemic event in diabetes,356141011,NA,32,Insulin dependent diabetes mellitus with hypoglycaemic coma,Diabetes Type One,,['efi AND Lauren_codelist'],eFI2 SNOMED CT 0.24 Renamed ConditionsPowerQuery_DiabetesSplitIntoType1or2 AND snomed_for_LW_codelist_using_Pieta_powerQuery_DiabetesSplitIntoType1or2
73,237632004,771361000006113,200,C108E,C108E00,Insulin dependent diabetes mellitus with hypoglycaemic coma,356141011,NA,32,Insulin dependent diabetes mellitus with hypoglycaemic coma,Diabetes Type One,,['efi AND Lauren_codelist'],eFI2 SNOMED CT 0.24 Renamed ConditionsPowerQuery_DiabetesSplitIntoType1or2 AND snomed_for_LW_codelist_using_Pieta_powerQuery_DiabetesSplitIntoType1or2
74,237632004,459162010,100,C10EE-2,C10EE12,Insulin dependent diabetes mellitus with hypoglycaemic coma,356141011,NA,32,Insulin dependent diabetes mellitus with hypoglycaemic coma,Diabetes Type One,,['efi AND Lauren_codelist'],eFI2 SNOMED CT 0.24 Renamed ConditionsPowerQuery_DiabetesSplitIntoType1or2 AND snomed_for_LW_codelist_using_Pieta_powerQuery_DiabetesSplitIntoType1or2
75,237632004,14073081000006114,300,^ESCT1407308,NA,Hypoglycaemic event due to diabetes,3873341011,NA,32,Insulin dependent diabetes mellitus with hypoglycaemic coma,Diabetes Type One,,['efi AND Lauren_codelist'],eFI2 SNOMED CT 0.24 Renamed ConditionsPowerQuery_DiabetesSplitIntoType1or2 AND snomed_for_LW_codelist_using_Pieta_powerQuery_DiabetesSplitIntoType1or2
76,237632004,5110081000006110,1,^ESCTHY511008,NA,Hypoglycemic event in diabetes,356142016,NA,32,Insulin dependent diabetes mellitus with hypoglycaemic coma,Diabetes Type One,,['efi AND Lauren_codelist'],eFI2 SNOMED CT 0.24 Renamed ConditionsPowerQuery_DiabetesSplitIntoType1or2 AND snomed_for_LW_codelist_using_Pieta_powerQuery_DiabetesSplitIntoType1or2
77,279291000000109,479511000000117,20000,66An,66An.00,Diabetes type 1 review,479511000000117,NA,1,diabetes type 1 review,Diabetes Type One,,['efi'],eFI2 SNOMED CT 0.24 Renamed ConditionsPowerQuery_DiabetesSplitIntoType1or2
79,290002008,429971019,500,C10E4,C10E400,Unstable type 1 diabetes mellitus,429971019,NA,32,Unstable type 1 diabetes mellitus,Diabetes Type One,,['efi AND Lauren_codelist'],eFI2 SNOMED CT 0.24 Renamed ConditionsPowerQuery_DiabetesSplitIntoType1or2 AND snomed_for_LW_codelist_using_Pieta_powerQuery_DiabetesSplitIntoType1or2
81,290002008,5754581000006110,30,^ESCTBR575458,NA,Brittle type 1 diabetes mellitus,2872766016,NA,32,Unstable type 1 diabetes mellitus,Diabetes Type One,,['efi AND Lauren_codelist'],eFI2 SNOMED CT 0.24 Renamed ConditionsPowerQuery_DiabetesSplitIntoType1or2 AND snomed_for_LW_codelist_using_Pieta_powerQuery_DiabetesSplitIntoType1or2
83,290002008,72711000006117,30,C1084-2,C108412,Unstable type 1 diabetes mellitus,429971019,NA,32,Unstable type 1 diabetes mellitus,Diabetes Type One,,['efi AND Lauren_codelist'],eFI2 SNOMED CT 0.24 Renamed ConditionsPowerQuery_DiabetesSplitIntoType1or2 AND snomed_for_LW_codelist_using_Pieta_powerQuery_DiabetesSplitIntoType1or2
85,290002008,72721000006113,20,C1084-1,C108411,Unstable type I diabetes mellitus,429970018,NA,32,Unstable type 1 diabetes mellitus,Diabetes Type One,,['efi AND Lauren_codelist'],eFI2 SNOMED CT 0.24 Renamed ConditionsPowerQuery_DiabetesSplitIntoType1or2 AND snomed_for_LW_codelist_using_Pieta_powerQuery_DiabetesSplitIntoType1or2
87,290002008,429970018,60,C10E4-1,C10E411,Unstable type I diabetes mellitus,429970018,NA,32,Unstable type 1 diabetes mellitus,Diabetes Type One,,['efi AND Lauren_codelist'],eFI2 SNOMED CT 0.24 Renamed ConditionsPowerQuery_DiabetesSplitIntoType1or2 AND snomed_for_LW_codelist_using_Pieta_powerQuery_DiabetesSplitIntoType1or2
89,304752002,5933621000006118,20,^ESCTPE593362,NA,Perceived control of insulin-dependent diabetes,447137014,NA,32,perceived control of insulin-dependent diabetes,Diabetes Type One,,['efi'],eFI2 SNOMED CT 0.24 Renamed ConditionsPowerQuery_DiabetesSplitIntoType1or2
90,31211000119101,84781000006112,2,C108G-1,C108G11,Type I diabetes mellitus with peripheral angiopathy,3315042015,NA,32,insulin dependent diab mell with peripheral angiopathy,Diabetes Type One,,['efi'],eFI2 SNOMED CT 0.24 Renamed ConditionsPowerQuery_DiabetesSplitIntoType1or2
91,31211000119101,913941000006114,3,C10EG-1,C10EG11,Peripheral angiopathy due to type 1 diabetes mellitus,3315042015,NA,32,insulin dependent diab mell with peripheral angiopathy,Diabetes Type One,,['efi'],eFI2 SNOMED CT 0.24 Renamed ConditionsPowerQuery_DiabetesSplitIntoType1or2
92,31211000119101,913931000006116,30,C10EG,C10EG00,Type 1 diabetes mellitus with peripheral angiopathy,3315042015,NA,32,insulin dependent diab mell with peripheral angiopathy,Diabetes Type One,,['efi'],eFI2 SNOMED CT 0.24 Renamed ConditionsPowerQuery_DiabetesSplitIntoType1or2
93,31321000119102,8014501000006115,1,^ESCTDI801450,NA,Diabetes mellitus type 1 without retinopathy,3013981017,NA,31,Diabetes mellitus type 1 without retinopathy (disorder),DiabetesType1,Q code group Type 1 diabetes,['Manchester'],edh_t1dia_medcoideid.csv
94,313435000,457326014,400,C10EA,C10EA00,Type 1 diabetes mellitus without complication,457326014,NA,32,Type 1 diabetes mellitus without complication,Diabetes Type One,,['efi AND Lauren_codelist'],eFI2 SNOMED CT 0.24 Renamed ConditionsPowerQuery_DiabetesSplitIntoType1or2 AND snomed_for_LW_codelist_using_Pieta_powerQuery_DiabetesSplitIntoType1or2
97,313435000,616621000006115,10000,C1000,C100000,Type 1 diabetes mellitus without complication,457326014,NA,32,Type 1 diabetes mellitus without complication,Diabetes Type One,,['efi AND Lauren_codelist'],eFI2 SNOMED CT 0.24 Renamed ConditionsPowerQuery_DiabetesSplitIntoType1or2 AND snomed_for_LW_codelist_using_Pieta_powerQuery_DiabetesSplitIntoType1or2
100,313435000,6030001000006116,20,^ESCTIN603000,NA,Insulin-dependent diabetes without complication,457327017,NA,32,Type 1 diabetes mellitus without complication,Diabetes Type One,,['efi AND Lauren_codelist'],eFI2 SNOMED CT 0.24 Renamed ConditionsPowerQuery_DiabetesSplitIntoType1or2 AND snomed_for_LW_codelist_using_Pieta_powerQuery_DiabetesSplitIntoType1or2
103,313435000,457325013,100,C10EA-1,C10EA11,Type I diabetes mellitus without complication,457325013,NA,32,Type 1 diabetes mellitus without complication,Diabetes Type One,,['efi AND Lauren_codelist'],eFI2 SNOMED CT 0.24 Renamed ConditionsPowerQuery_DiabetesSplitIntoType1or2 AND snomed_for_LW_codelist_using_Pieta_powerQuery_DiabetesSplitIntoType1or2
106,313435000,84831000006115,5,C108A-1,C108A11,Type I diabetes mellitus without complication,457325013,NA,32,Type 1 diabetes mellitus without complication,Diabetes Type One,,['efi AND Lauren_codelist'],eFI2 SNOMED CT 0.24 Renamed ConditionsPowerQuery_DiabetesSplitIntoType1or2 AND snomed_for_LW_codelist_using_Pieta_powerQuery_DiabetesSplitIntoType1or2
109,313435000,84461000006114,10,C108A-2,C108A12,Type 1 diabetes mellitus without complication,457326014,NA,32,Type 1 diabetes mellitus without complication,Diabetes Type One,,['efi AND Lauren_codelist'],eFI2 SNOMED CT 0.24 Renamed ConditionsPowerQuery_DiabetesSplitIntoType1or2 AND snomed_for_LW_codelist_using_Pieta_powerQuery_DiabetesSplitIntoType1or2
112,314771006,459163017,40,C10EE-1,C10EE11,Type I diabetes mellitus with hypoglycaemic coma,459163017,NA,32,Type 1 diabetes mellitus with hypoglycaemic coma,Diabetes Type One,,['efi AND Lauren_codelist'],eFI2 SNOMED CT 0.24 Renamed ConditionsPowerQuery_DiabetesSplitIntoType1or2 AND snomed_for_LW_codelist_using_Pieta_powerQuery_DiabetesSplitIntoType1or2
113,314771006,459161015,300,C10EE,C10EE00,Type 1 diabetes mellitus with hypoglycaemic coma,459161015,NA,32,Type 1 diabetes mellitus with hypoglycaemic coma,Diabetes Type One,,['efi AND Lauren_codelist'],eFI2 SNOMED CT 0.24 Renamed ConditionsPowerQuery_DiabetesSplitIntoType1or2 AND snomed_for_LW_codelist_using_Pieta_powerQuery_DiabetesSplitIntoType1or2
114,314771006,84341000006119,30,C108E-2,C108E12,Type 1 diabetes mellitus with hypoglycaemic coma,459161015,NA,32,Type 1 diabetes mellitus with hypoglycaemic coma,Diabetes Type One,,['efi AND Lauren_codelist'],eFI2 SNOMED CT 0.24 Renamed ConditionsPowerQuery_DiabetesSplitIntoType1or2 AND snomed_for_LW_codelist_using_Pieta_powerQuery_DiabetesSplitIntoType1or2
115,314771006,8.4711E+13,70,C108E-1,C108E11,Type I diabetes mellitus with hypoglycaemic coma,459163017,NA,32,Type 1 diabetes mellitus with hypoglycaemic coma,Diabetes Type One,,['efi AND Lauren_codelist'],eFI2 SNOMED CT 0.24 Renamed ConditionsPowerQuery_DiabetesSplitIntoType1or2 AND snomed_for_LW_codelist_using_Pieta_powerQuery_DiabetesSplitIntoType1or2
116,314771006,6050041000006115,1,^ESCTIN605004,NA,Insulin dependent diabetes mellitus with hypoglycaemic coma,459162010,NA,32,Type 1 diabetes mellitus with hypoglycaemic coma,Diabetes Type One,,['efi AND Lauren_codelist'],eFI2 SNOMED CT 0.24 Renamed ConditionsPowerQuery_DiabetesSplitIntoType1or2 AND snomed_for_LW_codelist_using_Pieta_powerQuery_DiabetesSplitIntoType1or2
117,314893005,84681000006118,1,C108H-1,C108H11,Type I diabetes mellitus with arthropathy,459294012,NA,32,Type 1 diabetes mellitus with arthropathy,Diabetes Type One,,['efi AND Lauren_codelist'],eFI2 SNOMED CT 0.24 Renamed ConditionsPowerQuery_DiabetesSplitIntoType1or2 AND snomed_for_LW_codelist_using_Pieta_powerQuery_DiabetesSplitIntoType1or2
118,314893005,459292011,60,C10EH,C10EH00,Type 1 diabetes mellitus with arthropathy,459292011,NA,32,Type 1 diabetes mellitus with arthropathy,Diabetes Type One,,['efi AND Lauren_codelist'],eFI2 SNOMED CT 0.24 Renamed ConditionsPowerQuery_DiabetesSplitIntoType1or2 AND snomed_for_LW_codelist_using_Pieta_powerQuery_DiabetesSplitIntoType1or2
119,314893005,459294012,20,C10EH-1,C10EH11,Type I diabetes mellitus with arthropathy,459294012,NA,32,Type 1 diabetes mellitus with arthropathy,Diabetes Type One,,['efi AND Lauren_codelist'],eFI2 SNOMED CT 0.24 Renamed ConditionsPowerQuery_DiabetesSplitIntoType1or2 AND snomed_for_LW_codelist_using_Pieta_powerQuery_DiabetesSplitIntoType1or2
120,314893005,84311000006118,10,C108H-2,C108H12,Type 1 diabetes mellitus with arthropathy,459292011,NA,32,Type 1 diabetes mellitus with arthropathy,Diabetes Type One,,['efi AND Lauren_codelist'],eFI2 SNOMED CT 0.24 Renamed ConditionsPowerQuery_DiabetesSplitIntoType1or2 AND snomed_for_LW_codelist_using_Pieta_powerQuery_DiabetesSplitIntoType1or2
122,367991000119101,8119331000006114,5,^ESCTHY811933,NA,Hyperglycaemia due to type 1 diabetes mellitus,3285563015,NA,31,Hyperglycemia due to type 1 diabetes mellitus,Diabetes,,['Caliber'],covid_impact_ccu00201_diabetes_England_SNOMEDCT AND covid_impact_ccu00202_diabetes_England_SNOMEDCT AND covid_impact_ccu000_England_diabetes_SNOMEDCT AND carr_diabetes_jQLxtg2Z3zPcXWge5Nv9tU_SNOMEDCT
123,385041000000108,292565014,200,C108z,C108z00,Diabetes mellitus with multiple complications,760111000000115,NA,32,Type I diabetes mellitus with multiple complications,Diabetes Type One,,['efi'],eFI2 SNOMED CT 0.24 Renamed ConditionsPowerQuery_DiabetesSplitIntoType1or2
124,385041000000108,13751000006117,400,C108y,C108y00,Other specified diabetes mellitus with multiple comps,760111000000115,NA,32,Type I diabetes mellitus with multiple complications,Diabetes Type One,,['efi'],eFI2 SNOMED CT 0.24 Renamed ConditionsPowerQuery_DiabetesSplitIntoType1or2
125,385041000000108,771381000006115,200,C1083,C108300,Insulin dependent diabetes mellitus with multiple complicatn,760111000000115,NA,32,Type I diabetes mellitus with multiple complications,Diabetes Type One,,['efi'],eFI2 SNOMED CT 0.24 Renamed ConditionsPowerQuery_DiabetesSplitIntoType1or2
126,385041000000108,913531000006111,100,C10E3-2,C10E312,Insulin dependent diabetes mellitus with multiple complicat,760111000000115,NA,32,Type I diabetes mellitus with multiple complications,Diabetes Type One,,['efi'],eFI2 SNOMED CT 0.24 Renamed ConditionsPowerQuery_DiabetesSplitIntoType1or2
127,385051000000106,213141000006111,300,L180X,L180X00,"Pre-existing diabetes mellitus, unspecified",760131000000111,NA,32,"Pre-existing diabetes mellitus, insulin-dependent",Diabetes Type One,,['Lauren_codelist'],snomed_for_LW_codelist_using_Pieta_powerQuery_DiabetesSplitIntoType1or2
128,385051000000106,306112011,800,L1805,L180500,"Pre-existing diabetes mellitus, insulin-dependent",760131000000111,NA,32,"Pre-existing diabetes mellitus, insulin-dependent",Diabetes Type One,,['Lauren_codelist'],snomed_for_LW_codelist_using_Pieta_powerQuery_DiabetesSplitIntoType1or2
129,385051000000106,308110013,500,Lyu29,Lyu2900,Pre-existing diabetes mellitus,760131000000111,NA,32,"Pre-existing diabetes mellitus, insulin-dependent",Diabetes Type One,,['Lauren_codelist'],snomed_for_LW_codelist_using_Pieta_powerQuery_DiabetesSplitIntoType1or2
130,39710007,771331000006116,80,C108H,C108H00,Insulin dependent diabetes mellitus with arthropathy,1229552016,NA,32,type 1 diabetes mellitus with arthropathy,Diabetes Type One,,['efi'],eFI2 SNOMED CT 0.24 Renamed ConditionsPowerQuery_DiabetesSplitIntoType1or2
131,39710007,1229552016,20,N030,N030.00,Arthropathy associated with endocrine and metabolic disorder,1229552016,NA,32,type 1 diabetes mellitus with arthropathy,Diabetes Type One,,['efi'],eFI2 SNOMED CT 0.24 Renamed ConditionsPowerQuery_DiabetesSplitIntoType1or2
132,39710007,459293018,6,C10EH-2,C10EH12,Insulin dependent diabetes mellitus with arthropathy,1229552016,NA,32,type 1 diabetes mellitus with arthropathy,Diabetes Type One,,['efi'],eFI2 SNOMED CT 0.24 Renamed ConditionsPowerQuery_DiabetesSplitIntoType1or2
133,401110002,928491000006110,100,C10EL-1,C10EL11,Type I diabetes mellitus with persistent microalbuminuria,1780311019,NA,32,Type I diabetes mellitus with persistent microalbuminuria,Diabetes Type One,,['efi AND Lauren_codelist'],eFI2 SNOMED CT 0.24 Renamed ConditionsPowerQuery_DiabetesSplitIntoType1or2 AND snomed_for_LW_codelist_using_Pieta_powerQuery_DiabetesSplitIntoType1or2
134,401110002,1780311019,4000,C10EL,C10EL00,Type 1 diabetes mellitus with persistent microalbuminuria,1780311019,NA,32,Type I diabetes mellitus with persistent microalbuminuria,Diabetes Type One,,['efi AND Lauren_codelist'],eFI2 SNOMED CT 0.24 Renamed ConditionsPowerQuery_DiabetesSplitIntoType1or2 AND snomed_for_LW_codelist_using_Pieta_powerQuery_DiabetesSplitIntoType1or2
135,420270002,928501000006119,20000,C10EM,C10EM00,Ketoacidosis in type 1 diabetes mellitus,2967817017,NA,32,Type 1 diabetes mellitus with ketoacidosis,Diabetes Type One,,['efi'],eFI2 SNOMED CT 0.24 Renamed ConditionsPowerQuery_DiabetesSplitIntoType1or2
136,420270002,928511000006116,700,C10EM-1,C10EM11,Type I diabetes mellitus with ketoacidosis,2967817017,NA,32,Type 1 diabetes mellitus with ketoacidosis,Diabetes Type One,,['efi'],eFI2 SNOMED CT 0.24 Renamed ConditionsPowerQuery_DiabetesSplitIntoType1or2
137,420270002,616641000006110,1000,C1010,C101000,"Diabetes mellitus, juvenile type, with ketoacidosis",2618216015,NA,32,Type 1 diabetes mellitus with ketoacidosis,Diabetes Type One,,['efi'],eFI2 SNOMED CT 0.24 Renamed ConditionsPowerQuery_DiabetesSplitIntoType1or2
138,420270002,6951091000006110,3,^ESCTDI695109,NA,Diabetes type 1 with ketoacidosis,3035606019,NA,32,Type 1 diabetes mellitus with ketoacidosis,Diabetes Type One,,['efi'],eFI2 SNOMED CT 0.24 Renamed ConditionsPowerQuery_DiabetesSplitIntoType1or2
139,420270002,14083741000006114,200,^ESCT1408374,NA,Ketoacidosis due to type 1 diabetes mellitus,3873319011,NA,32,Type 1 diabetes mellitus with ketoacidosis,Diabetes Type One,,['efi'],eFI2 SNOMED CT 0.24 Renamed ConditionsPowerQuery_DiabetesSplitIntoType1or2
140,420486006,938311000006112,30,C10EP-1,C10EP11,Type I diabetes mellitus with exudative maculopathy,2618236019,NA,32,Type 1 diabetes mellitus with exudative maculopathy,Diabetes Type One,,['efi AND Lauren_codelist'],eFI2 SNOMED CT 0.24 Renamed ConditionsPowerQuery_DiabetesSplitIntoType1or2 AND snomed_for_LW_codelist_using_Pieta_powerQuery_DiabetesSplitIntoType1or2
141,420486006,6954991000006112,1,^ESCTEX695499,NA,Exudative maculopathy associated with type I diabetes mellitus,2618236019,NA,32,Type 1 diabetes mellitus with exudative maculopathy,Diabetes Type One,,['efi AND Lauren_codelist'],eFI2 SNOMED CT 0.24 Renamed ConditionsPowerQuery_DiabetesSplitIntoType1or2 AND snomed_for_LW_codelist_using_Pieta_powerQuery_DiabetesSplitIntoType1or2
142,420486006,14083771000006118,8,^ESCT1408377,NA,Exudative maculopathy due to type 1 diabetes mellitus,3778111019,NA,32,Type 1 diabetes mellitus with exudative maculopathy,Diabetes Type One,,['efi AND Lauren_codelist'],eFI2 SNOMED CT 0.24 Renamed ConditionsPowerQuery_DiabetesSplitIntoType1or2 AND snomed_for_LW_codelist_using_Pieta_powerQuery_DiabetesSplitIntoType1or2
143,420486006,938301000006114,500,C10EP,C10EP00,Exudative maculopathy with type 1 diabetes mellitus,3698521013,NA,32,Type 1 diabetes mellitus with exudative maculopathy,Diabetes Type One,,['efi AND Lauren_codelist'],eFI2 SNOMED CT 0.24 Renamed ConditionsPowerQuery_DiabetesSplitIntoType1or2 AND snomed_for_LW_codelist_using_Pieta_powerQuery_DiabetesSplitIntoType1or2
144,420514000,14083781000006115,100,^ESCT1408378,NA,Persistent proteinuria due to type 1 diabetes mellitus,3800541018,NA,32,type 1 diabetes mellitus with persistent proteinuria,Diabetes Type One,,['efi'],eFI2 SNOMED CT 0.24 Renamed ConditionsPowerQuery_DiabetesSplitIntoType1or2
145,420514000,928461000006119,4000,C10EK,C10EK00,Persistent proteinuria associated with type 1 diabetes mellitus,2967914011,NA,32,type 1 diabetes mellitus with persistent proteinuria,Diabetes Type One,,['efi'],eFI2 SNOMED CT 0.24 Renamed ConditionsPowerQuery_DiabetesSplitIntoType1or2
146,420514000,928471000006114,20,C10EK-1,C10EK11,Type I diabetes mellitus with persistent proteinuria,2967914011,NA,32,type 1 diabetes mellitus with persistent proteinuria,Diabetes Type One,,['efi'],eFI2 SNOMED CT 0.24 Renamed ConditionsPowerQuery_DiabetesSplitIntoType1or2
147,420789003,913671000006113,60,C10E7-1,C10E711,Type I diabetes mellitus with retinopathy,3699407019,NA,32,Type I diabetes mellitus with retinopathy,Diabetes Type One,,['efi'],eFI2 SNOMED CT 0.24 Renamed ConditionsPowerQuery_DiabetesSplitIntoType1or2
148,420789003,913661000006118,2000,C10E7,C10E700,Retinopathy with type 1 diabetes mellitus,3699407019,NA,32,Type I diabetes mellitus with retinopathy,Diabetes Type One,,['efi'],eFI2 SNOMED CT 0.24 Renamed ConditionsPowerQuery_DiabetesSplitIntoType1or2
149,420789003,84441000006110,50,C1087-2,C108712,Type 1 diabetes mellitus with retinopathy,3699407019,NA,32,Type I diabetes mellitus with retinopathy,Diabetes Type One,,['efi'],eFI2 SNOMED CT 0.24 Renamed ConditionsPowerQuery_DiabetesSplitIntoType1or2
150,420789003,14083831000006112,5,^ESCT1408383,NA,Retinopathy due to type 1 diabetes mellitus,3779404016,NA,32,Type I diabetes mellitus with retinopathy,Diabetes Type One,,['efi'],eFI2 SNOMED CT 0.24 Renamed ConditionsPowerQuery_DiabetesSplitIntoType1or2
151,420789003,84811000006114,100,C1087-1,C108711,Type I diabetes mellitus with retinopathy,3699407019,NA,32,Type I diabetes mellitus with retinopathy,Diabetes Type One,,['efi'],eFI2 SNOMED CT 0.24 Renamed ConditionsPowerQuery_DiabetesSplitIntoType1or2
152,420825003,292543014,10,C10E6-1,C10E611,Type I diabetes mellitus with gangrene,2618207019,NA,32,Type I diabetes mellitus with gangrene,Diabetes Type One,,['efi'],eFI2 SNOMED CT 0.24 Renamed ConditionsPowerQuery_DiabetesSplitIntoType1or2
153,420825003,14083841000006119,10,^ESCT1408384,NA,Gangrene due to type 1 diabetes mellitus,3800377014,NA,32,Type I diabetes mellitus with gangrene,Diabetes Type One,,['efi'],eFI2 SNOMED CT 0.24 Renamed ConditionsPowerQuery_DiabetesSplitIntoType1or2
154,420825003,84331000006112,2,C1086-2,C108612,Type 1 diabetes mellitus with gangrene,2618207019,NA,32,Type I diabetes mellitus with gangrene,Diabetes Type One,,['efi'],eFI2 SNOMED CT 0.24 Renamed ConditionsPowerQuery_DiabetesSplitIntoType1or2
155,420825003,84701000006115,10,C1086-1,C108611,Type I diabetes mellitus with gangrene,2618207019,NA,32,Type I diabetes mellitus with gangrene,Diabetes Type One,,['efi'],eFI2 SNOMED CT 0.24 Renamed ConditionsPowerQuery_DiabetesSplitIntoType1or2
156,420825003,292541011,200,C10E6,C10E600,Type 1 diabetes mellitus with gangrene,2618207019,NA,32,Type I diabetes mellitus with gangrene,Diabetes Type One,,['efi'],eFI2 SNOMED CT 0.24 Renamed ConditionsPowerQuery_DiabetesSplitIntoType1or2
157,420868002,616611000006111,100,C10z0,C10z000,Disorder due to type 1 diabetes mellitus,3013528019,NA,32,"diabetes mellitus, juvenile type, + unspecified complication",Diabetes Type One,,['efi'],eFI2 SNOMED CT 0.24 Renamed ConditionsPowerQuery_DiabetesSplitIntoType1or2
158,420918009,913781000006117,20,C10EB,C10EB00,Type 1 diabetes mellitus with mononeuropathy,2618199015,NA,32,type i diabetes mellitus with mononeuropathy,Diabetes Type One,,['efi'],eFI2 SNOMED CT 0.24 Renamed ConditionsPowerQuery_DiabetesSplitIntoType1or2
160,420918009,84721000006113,4,C108B-1,C108B11,Mononeuropathy with type 1 diabetes mellitus,3697664014,NA,32,type i diabetes mellitus with mononeuropathy,Diabetes Type One,,['efi'],eFI2 SNOMED CT 0.24 Renamed ConditionsPowerQuery_DiabetesSplitIntoType1or2
162,420918009,913791000006119,7,C10EB-1,C10EB11,Type I diabetes mellitus with mononeuropathy,3697664014,NA,32,type i diabetes mellitus with mononeuropathy,Diabetes Type One,,['efi'],eFI2 SNOMED CT 0.24 Renamed ConditionsPowerQuery_DiabetesSplitIntoType1or2
164,421075007,928531000006110,4,C10EN-1,C10EN11,Type I diabetes mellitus with ketoacidotic coma,2967758019,NA,32,Type 1 diabetes mellitus with ketoacidotic coma,Diabetes Type One,,['efi'],eFI2 SNOMED CT 0.24 Renamed ConditionsPowerQuery_DiabetesSplitIntoType1or2
165,421075007,616651000006112,40,C1030,C103000,"Diabetes mellitus, juvenile type, with ketoacidotic coma",2618217012,NA,32,Type 1 diabetes mellitus with ketoacidotic coma,Diabetes Type One,,['efi'],eFI2 SNOMED CT 0.24 Renamed ConditionsPowerQuery_DiabetesSplitIntoType1or2
166,421075007,928521000006112,800,C10EN,C10EN00,Ketoacidotic coma in type 1 diabetes mellitus,2967758019,NA,32,Type 1 diabetes mellitus with ketoacidotic coma,Diabetes Type One,,['efi'],eFI2 SNOMED CT 0.24 Renamed ConditionsPowerQuery_DiabetesSplitIntoType1or2
167,421075007,14083881000006113,1,^ESCT1408388,NA,Ketoacidotic coma due to type 1 diabetes mellitus,3873334017,NA,32,Type 1 diabetes mellitus with ketoacidotic coma,Diabetes Type One,,['efi'],eFI2 SNOMED CT 0.24 Renamed ConditionsPowerQuery_DiabetesSplitIntoType1or2
169,421365002,616591000006117,20,C1070,C107000,"Diabetes mellitus, juvenile +peripheral circulatory disorder",2618205010,NA,32,insulin dependent diab mell with peripheral angiopathy,Diabetes Type One,,['efi'],eFI2 SNOMED CT 0.24 Renamed ConditionsPowerQuery_DiabetesSplitIntoType1or2
170,421468001,616671000006119,100,C1060,C106000,"Diabetes mellitus, juvenile, + neurological manifestation",2618197018,NA,32,Diab.mell.+neuropathy-juvenile,Diabetes Type One,,['efi'],eFI2 SNOMED CT 0.24 Renamed ConditionsPowerQuery_DiabetesSplitIntoType1or2
172,421468001,913511000006117,100,C10E2,C10E200,Type 1 diabetes mellitus with neurological complications,2618197018,NA,32,Diab.mell.+neuropathy-juvenile,Diabetes Type One,,['efi'],eFI2 SNOMED CT 0.24 Renamed ConditionsPowerQuery_DiabetesSplitIntoType1or2
174,421468001,913521000006113,4,C10E2-1,C10E211,Neurological disorder with type 1 diabetes mellitus,3695401013,NA,32,Diab.mell.+neuropathy-juvenile,Diabetes Type One,,['efi'],eFI2 SNOMED CT 0.24 Renamed ConditionsPowerQuery_DiabetesSplitIntoType1or2
176,421468001,14083941000006112,5,^ESCT1408394,NA,Disorder of nervous system due to type 1 diabetes mellitus,3789014011,NA,32,Diab.mell.+neuropathy-juvenile,Diabetes Type One,,['efi'],eFI2 SNOMED CT 0.24 Renamed ConditionsPowerQuery_DiabetesSplitIntoType1or2
178,421468001,84751000006116,4,C1082-1,C108211,Type I diabetes mellitus with neurological complications,3695401013,NA,32,Diab.mell.+neuropathy-juvenile,Diabetes Type One,,['efi'],eFI2 SNOMED CT 0.24 Renamed ConditionsPowerQuery_DiabetesSplitIntoType1or2
180,421468001,84381000006113,20,C1082-2,C108212,Type 1 diabetes mellitus with neurological complications,2618197018,NA,32,Diab.mell.+neuropathy-juvenile,Diabetes Type One,,['efi'],eFI2 SNOMED CT 0.24 Renamed ConditionsPowerQuery_DiabetesSplitIntoType1or2
183,421893009,84371000006110,300,C108D-2,C108D12,Type 1 diabetes mellitus with nephropathy,2623054013,NA,32,Type 1 diabetes mellitus with renal complications,Diabetes Type One,,['efi AND Lauren_codelist'],eFI2 SNOMED CT 0.24 Renamed ConditionsPowerQuery_DiabetesSplitIntoType1or2 AND snomed_for_LW_codelist_using_Pieta_powerQuery_DiabetesSplitIntoType1or2
186,421893009,14084021000006119,3,^ESCT1408402,NA,Renal disorder due to type 1 diabetes mellitus,3782043016,NA,32,Type 1 diabetes mellitus with renal complications,Diabetes Type One,,['efi AND Lauren_codelist'],eFI2 SNOMED CT 0.24 Renamed ConditionsPowerQuery_DiabetesSplitIntoType1or2 AND snomed_for_LW_codelist_using_Pieta_powerQuery_DiabetesSplitIntoType1or2
189,421893009,913841000006116,1000,C10ED,C10ED00,Renal disorder associated with type 1 diabetes mellitus,2623054013,NA,32,Type 1 diabetes mellitus with renal complications,Diabetes Type One,,['efi AND Lauren_codelist'],eFI2 SNOMED CT 0.24 Renamed ConditionsPowerQuery_DiabetesSplitIntoType1or2 AND snomed_for_LW_codelist_using_Pieta_powerQuery_DiabetesSplitIntoType1or2
192,421893009,913851000006119,20,C10ED-1,C10ED11,Type I diabetes mellitus with nephropathy,2623054013,NA,32,Type 1 diabetes mellitus with renal complications,Diabetes Type One,,['efi AND Lauren_codelist'],eFI2 SNOMED CT 0.24 Renamed ConditionsPowerQuery_DiabetesSplitIntoType1or2 AND snomed_for_LW_codelist_using_Pieta_powerQuery_DiabetesSplitIntoType1or2
195,421893009,913451000006117,2000,C10E0,C10E000,Type 1 diabetes mellitus with renal complications,2618211013,NA,32,Type 1 diabetes mellitus with renal complications,Diabetes Type One,,['efi AND Lauren_codelist'],eFI2 SNOMED CT 0.24 Renamed ConditionsPowerQuery_DiabetesSplitIntoType1or2 AND snomed_for_LW_codelist_using_Pieta_powerQuery_DiabetesSplitIntoType1or2
198,421893009,913461000006115,20,C10E0-1,C10E011,Type I diabetes mellitus with renal complications,2623054013,NA,32,Type 1 diabetes mellitus with renal complications,Diabetes Type One,,['efi AND Lauren_codelist'],eFI2 SNOMED CT 0.24 Renamed ConditionsPowerQuery_DiabetesSplitIntoType1or2 AND snomed_for_LW_codelist_using_Pieta_powerQuery_DiabetesSplitIntoType1or2
201,421893009,84801000006111,50,C1080-1,C108011,Type I diabetes mellitus with renal complications,2623054013,NA,32,Type 1 diabetes mellitus with renal complications,Diabetes Type One,,['efi AND Lauren_codelist'],eFI2 SNOMED CT 0.24 Renamed ConditionsPowerQuery_DiabetesSplitIntoType1or2 AND snomed_for_LW_codelist_using_Pieta_powerQuery_DiabetesSplitIntoType1or2
204,421893009,616661000006114,100,C1040,C104000,"Diabetes mellitus, juvenile type, with renal manifestation",2618211013,NA,32,Type 1 diabetes mellitus with renal complications,Diabetes Type One,,['efi AND Lauren_codelist'],eFI2 SNOMED CT 0.24 Renamed ConditionsPowerQuery_DiabetesSplitIntoType1or2 AND snomed_for_LW_codelist_using_Pieta_powerQuery_DiabetesSplitIntoType1or2
207,421893009,84431000006117,50,C1080-2,C108012,Type 1 diabetes mellitus with renal complications,2618211013,NA,32,Type 1 diabetes mellitus with renal complications,Diabetes Type One,,['efi AND Lauren_codelist'],eFI2 SNOMED CT 0.24 Renamed ConditionsPowerQuery_DiabetesSplitIntoType1or2 AND snomed_for_LW_codelist_using_Pieta_powerQuery_DiabetesSplitIntoType1or2
210,421893009,84741000006118,400,C108D-1,C108D11,Type I diabetes mellitus with nephropathy,2623054013,NA,32,Type 1 diabetes mellitus with renal complications,Diabetes Type One,,['efi AND Lauren_codelist'],eFI2 SNOMED CT 0.24 Renamed ConditionsPowerQuery_DiabetesSplitIntoType1or2 AND snomed_for_LW_codelist_using_Pieta_powerQuery_DiabetesSplitIntoType1or2
213,421895002,292523015,700,C107z,C107z00,Diabetes mellitus NOS with peripheral circulatory disorder,2618203015,NA,32,IDDM with peripheral circulatory disorder,Diabetes Type One,,['Lauren_codelist'],snomed_for_LW_codelist_using_Pieta_powerQuery_DiabetesSplitIntoType1or2
214,421895002,913921000006119,6,C10EG-2,C10EG12,Insulin dependent diab mell with peripheral angiopathy,2618203015,NA,32,IDDM with peripheral circulatory disorder,Diabetes Type One,,['Lauren_codelist'],snomed_for_LW_codelist_using_Pieta_powerQuery_DiabetesSplitIntoType1or2
215,421895002,13791000006111,30,C107y,C107y00,Other specified diabetes mellitus with periph circ comps,2618203015,NA,32,IDDM with peripheral circulatory disorder,Diabetes Type One,,['Lauren_codelist'],snomed_for_LW_codelist_using_Pieta_powerQuery_DiabetesSplitIntoType1or2
216,421895002,787101000006114,100,C1073,C107300,IDDM with peripheral circulatory disorder,2618203015,NA,32,IDDM with peripheral circulatory disorder,Diabetes Type One,,['Lauren_codelist'],snomed_for_LW_codelist_using_Pieta_powerQuery_DiabetesSplitIntoType1or2
217,421895002,616441000006113,5000,C107,C107.00,Peripheral vascular disorder due to diabetes mellitus,3688501014,NA,32,IDDM with peripheral circulatory disorder,Diabetes Type One,,['Lauren_codelist'],snomed_for_LW_codelist_using_Pieta_powerQuery_DiabetesSplitIntoType1or2
218,421895002,772141000006118,6,C108G,C108G00,Insulin dependent diab mell with peripheral angiopathy,2618203015,NA,32,IDDM with peripheral circulatory disorder,Diabetes Type One,,['Lauren_codelist'],snomed_for_LW_codelist_using_Pieta_powerQuery_DiabetesSplitIntoType1or2
219,421895002,12704411000006113,30,^ESCT1270441,NA,Peripheral circulatory disorder associated with diabetes mellitus,2618203015,NA,32,IDDM with peripheral circulatory disorder,Diabetes Type One,,['Lauren_codelist'],snomed_for_LW_codelist_using_Pieta_powerQuery_DiabetesSplitIntoType1or2
220,421920002,913901000006112,40,C10EF,C10EF00,Type 1 diabetes mellitus with diabetic cataract,2618234016,NA,32,insulin dependent diabetes mellitus with diabetic cataract,Diabetes Type One,,['efi'],eFI2 SNOMED CT 0.24 Renamed ConditionsPowerQuery_DiabetesSplitIntoType1or2
221,421920002,913911000006110,2,C10EF-1,C10EF11,Type I diabetes mellitus with diabetic cataract,3688521010,NA,32,insulin dependent diabetes mellitus with diabetic cataract,Diabetes Type One,,['efi'],eFI2 SNOMED CT 0.24 Renamed ConditionsPowerQuery_DiabetesSplitIntoType1or2
222,421920002,84321000006114,10,C108F-2,C108F12,Type 1 diabetes mellitus with diabetic cataract,2618234016,NA,32,insulin dependent diabetes mellitus with diabetic cataract,Diabetes Type One,,['efi'],eFI2 SNOMED CT 0.24 Renamed ConditionsPowerQuery_DiabetesSplitIntoType1or2
223,421920002,84691000006115,20,C108F-1,C108F11,Cataract due to diabetes mellitus type 1,3688521010,NA,32,insulin dependent diabetes mellitus with diabetic cataract,Diabetes Type One,,['efi'],eFI2 SNOMED CT 0.24 Renamed ConditionsPowerQuery_DiabetesSplitIntoType1or2
224,422183001,6985411000006117,10,^ESCTDI698541,NA,Diabetic skin ulcer,2618214017,NA,32,insulin dependent diabetes mellitus with ulcer,Diabetes Type One,,['efi'],eFI2 SNOMED CT 0.24 Renamed ConditionsPowerQuery_DiabetesSplitIntoType1or2
225,422183001,913591000006110,100,C10E5-2,C10E512,Skin ulcer associated with diabetes mellitus,2623058011,NA,32,insulin dependent diabetes mellitus with ulcer,Diabetes Type One,,['efi'],eFI2 SNOMED CT 0.24 Renamed ConditionsPowerQuery_DiabetesSplitIntoType1or2
226,422183001,771421000006113,70,C1085,C108500,Insulin dependent diabetes mellitus with ulcer,2623058011,NA,32,insulin dependent diabetes mellitus with ulcer,Diabetes Type One,,['efi'],eFI2 SNOMED CT 0.24 Renamed ConditionsPowerQuery_DiabetesSplitIntoType1or2
227,422183001,14084121000006118,100,^ESCT1408412,NA,Skin ulcer due to diabetes mellitus,3850123012,NA,32,insulin dependent diabetes mellitus with ulcer,Diabetes Type One,,['efi'],eFI2 SNOMED CT 0.24 Renamed ConditionsPowerQuery_DiabetesSplitIntoType1or2
228,422228004,84361000006115,10,C1083-2,C108312,Type 1 diabetes mellitus with multiple complications,2618232017,NA,32,Type I diabetes mellitus with multiple complications,Diabetes Type One,,['efi'],eFI2 SNOMED CT 0.24 Renamed ConditionsPowerQuery_DiabetesSplitIntoType1or2
229,422228004,84731000006111,300,C1083-1,C108311,Multiple complications of type 1 diabetes mellitus,2967771016,NA,32,Type I diabetes mellitus with multiple complications,Diabetes Type One,,['efi'],eFI2 SNOMED CT 0.24 Renamed ConditionsPowerQuery_DiabetesSplitIntoType1or2
230,422228004,913551000006116,10,C10E3-1,C10E311,Type I diabetes mellitus with multiple complications,2967771016,NA,32,Type I diabetes mellitus with multiple complications,Diabetes Type One,,['efi'],eFI2 SNOMED CT 0.24 Renamed ConditionsPowerQuery_DiabetesSplitIntoType1or2
231,422228004,913541000006118,1000,C10E3,C10E300,Type 1 diabetes mellitus with multiple complications,2618232017,NA,32,Type I diabetes mellitus with multiple complications,Diabetes Type One,,['efi'],eFI2 SNOMED CT 0.24 Renamed ConditionsPowerQuery_DiabetesSplitIntoType1or2
232,444073006,84661000006111,2000,C1088-1,C108811,Type I diabetes mellitus poorly controlled,2872487013,NA,32,Type 1 diabetes mellitus - poor control,Diabetes Type One,,['efi AND Lauren_codelist'],eFI2 SNOMED CT 0.24 Renamed ConditionsPowerQuery_DiabetesSplitIntoType1or2 AND snomed_for_LW_codelist_using_Pieta_powerQuery_DiabetesSplitIntoType1or2
233,444073006,8.4661E+13,2000,C1088-1,C108811,Type I diabetes mellitus poorly controlled,2872487013,NA,32,Type I diabetes mellitus - poor control,Diabetes Type One,,['efi AND Lauren_codelist'],eFI2 SNOMED CT 0.24 Renamed ConditionsPowerQuery_DiabetesSplitIntoType1or2 AND snomed_for_LW_codelist_using_Pieta_powerQuery_DiabetesSplitIntoType1or2
234,444073006,7287611000006113,100,^ESCTTY728761,NA,Type 1 diabetes mellitus uncontrolled,2967763015,NA,32,Type 1 diabetes mellitus - poor control,Diabetes Type One,,['efi AND Lauren_codelist'],eFI2 SNOMED CT 0.24 Renamed ConditionsPowerQuery_DiabetesSplitIntoType1or2 AND snomed_for_LW_codelist_using_Pieta_powerQuery_DiabetesSplitIntoType1or2
236,444073006,292548017,2000,C10E8,C10E800,Type 1 diabetes mellitus - poor control,2872487013,NA,32,Type 1 diabetes mellitus - poor control,Diabetes Type One,,['efi AND Lauren_codelist'],eFI2 SNOMED CT 0.24 Renamed ConditionsPowerQuery_DiabetesSplitIntoType1or2 AND snomed_for_LW_codelist_using_Pieta_powerQuery_DiabetesSplitIntoType1or2
238,444073006,292550013,60,C10E8-1,C10E811,Type I diabetes mellitus - poor control,2872487013,NA,32,Type 1 diabetes mellitus - poor control,Diabetes Type One,,['efi AND Lauren_codelist'],eFI2 SNOMED CT 0.24 Renamed ConditionsPowerQuery_DiabetesSplitIntoType1or2 AND snomed_for_LW_codelist_using_Pieta_powerQuery_DiabetesSplitIntoType1or2
240,444073006,7287621000006117,1,^ESCTTY728762,NA,Type I diabetes mellitus uncontrolled,2842075017,NA,32,Type 1 diabetes mellitus - poor control,Diabetes Type One,,['efi AND Lauren_codelist'],eFI2 SNOMED CT 0.24 Renamed ConditionsPowerQuery_DiabetesSplitIntoType1or2 AND snomed_for_LW_codelist_using_Pieta_powerQuery_DiabetesSplitIntoType1or2
242,444073006,84291000006117,800,C1088-2,C108812,Type 1 diabetes mellitus - poor control,2872487013,NA,32,Type 1 diabetes mellitus - poor control,Diabetes Type One,,['efi AND Lauren_codelist'],eFI2 SNOMED CT 0.24 Renamed ConditionsPowerQuery_DiabetesSplitIntoType1or2 AND snomed_for_LW_codelist_using_Pieta_powerQuery_DiabetesSplitIntoType1or2
244,444074000,7287641000006112,1,^ESCTTY728764,NA,Type 1 diabetes mellitus well controlled,2967776014,NA,31,Type I diabetes mellitus well controlled (finding),DiabetesType1,Q code group Type 1 diabetes,['Manchester'],edh_t1dia_medcoideid.csv
245,46635009,3253231000006110,80,^ESCTDI325323,NA,Diabetes mellitus type I,77728011,NA,32,Type 1 diabetes mellitus,Diabetes Type One,,['efi AND Lauren_codelist'],eFI2 SNOMED CT 0.24 Renamed ConditionsPowerQuery_DiabetesSplitIntoType1or2 AND snomed_for_LW_codelist_using_Pieta_powerQuery_DiabetesSplitIntoType1or2
247,46635009,197984010,3000000,C10E,C10E.00,Type 1 diabetes mellitus,197984010,NA,32,Type 1 diabetes mellitus,Diabetes Type One,,['efi AND Lauren_codelist'],eFI2 SNOMED CT 0.24 Renamed ConditionsPowerQuery_DiabetesSplitIntoType1or2 AND snomed_for_LW_codelist_using_Pieta_powerQuery_DiabetesSplitIntoType1or2
249,46635009,84651000006114,20000,C108-3,C108.13,Type I diabetes mellitus,494564012,NA,32,Type 1 diabetes mellitus,Diabetes Type One,,['efi AND Lauren_codelist'],eFI2 SNOMED CT 0.24 Renamed ConditionsPowerQuery_DiabetesSplitIntoType1or2 AND snomed_for_LW_codelist_using_Pieta_powerQuery_DiabetesSplitIntoType1or2
251,46635009,3253241000006117,60,^ESCTDI325324,NA,Diabetes mellitus type 1,197985011,NA,32,Type 1 diabetes mellitus,Diabetes Type One,,['efi AND Lauren_codelist'],eFI2 SNOMED CT 0.24 Renamed ConditionsPowerQuery_DiabetesSplitIntoType1or2 AND snomed_for_LW_codelist_using_Pieta_powerQuery_DiabetesSplitIntoType1or2
253,46635009,84281000006115,40000,C108-2,C108.12,Type 1 diabetes mellitus,197984010,NA,32,Type 1 diabetes mellitus,Diabetes Type One,,['efi AND Lauren_codelist'],eFI2 SNOMED CT 0.24 Renamed ConditionsPowerQuery_DiabetesSplitIntoType1or2 AND snomed_for_LW_codelist_using_Pieta_powerQuery_DiabetesSplitIntoType1or2
255,46635009,494564012,80000,C10E-1,C10E.11,Type I diabetes mellitus,494564012,NA,32,Type 1 diabetes mellitus,Diabetes Type One,,['efi AND Lauren_codelist'],eFI2 SNOMED CT 0.24 Renamed ConditionsPowerQuery_DiabetesSplitIntoType1or2 AND snomed_for_LW_codelist_using_Pieta_powerQuery_DiabetesSplitIntoType1or2
257,472970003,7480691000006118,900,^ESCTHO748069,NA,H/O diabetes mellitus type 1,2242181000000113,NA,31,H/O: diabetes mellitus type 1,Diabetes Type One,,['efi'],eFI2 SNOMED CT 0.24 Renamed ConditionsPowerQuery_DiabetesSplitIntoType1or2
258,49455004,214921000006116,10000,F372,F372.00,Polyneuropathy in diabetes,82373015,NA,32,insulin dependent diabetes mellitus with polyneuropathy,Diabetes Type One,,['efi'],eFI2 SNOMED CT 0.24 Renamed ConditionsPowerQuery_DiabetesSplitIntoType1or2
259,49455004,616451000006110,200,C106-3,C106.13,Diabetes mellitus with polyneuropathy,82373015,NA,32,insulin dependent diabetes mellitus with polyneuropathy,Diabetes Type One,,['efi'],eFI2 SNOMED CT 0.24 Renamed ConditionsPowerQuery_DiabetesSplitIntoType1or2
260,49455004,913801000006118,30,C10EC-2,C10EC12,Insulin dependent diabetes mellitus with polyneuropathy,82373015,NA,32,insulin dependent diabetes mellitus with polyneuropathy,Diabetes Type One,,['efi'],eFI2 SNOMED CT 0.24 Renamed ConditionsPowerQuery_DiabetesSplitIntoType1or2
261,49455004,771401000006115,20,C108C,C108C00,Insulin dependent diabetes mellitus with polyneuropathy,82373015,NA,32,insulin dependent diabetes mellitus with polyneuropathy,Diabetes Type One,,['efi'],eFI2 SNOMED CT 0.24 Renamed ConditionsPowerQuery_DiabetesSplitIntoType1or2
262,49455004,82373015,2000,F372-1,F372.11,Diabetic polyneuropathy,82373015,NA,32,insulin dependent diabetes mellitus with polyneuropathy,Diabetes Type One,,['efi'],eFI2 SNOMED CT 0.24 Renamed ConditionsPowerQuery_DiabetesSplitIntoType1or2
263,49455004,12185421000006113,50,^ESCT1218542,NA,Polyneuropathy due to diabetes mellitus,3695673019,NA,32,insulin dependent diabetes mellitus with polyneuropathy,Diabetes Type One,,['efi'],eFI2 SNOMED CT 0.24 Renamed ConditionsPowerQuery_DiabetesSplitIntoType1or2
264,49817004,82979011,400,Q441,Q441.00,Neonatal diabetes mellitus,82979011,NA,32,neonatal diabetes mellitus,Diabetes Type One,,['efi'],eFI2 SNOMED CT 0.24 Renamed ConditionsPowerQuery_DiabetesSplitIntoType1or2
265,703137001,2288011000000114,200,C10P0,C10P000,Type I diabetes mellitus in remission,3007238018,NA,32,type i diabetes mellitus in remission,Diabetes Type One,,['efi'],eFI2 SNOMED CT 0.24 Renamed ConditionsPowerQuery_DiabetesSplitIntoType1or2
266,703137001,2288041000000110,100,C10P0-1,C10P011,Type 1 diabetes mellitus in remission,3007274010,NA,32,type i diabetes mellitus in remission,Diabetes Type One,,['efi'],eFI2 SNOMED CT 0.24 Renamed ConditionsPowerQuery_DiabetesSplitIntoType1or2
267,713702000,1667941000000112,400,C10EQ-1,C10EQ11,Type I diabetes mellitus with gastroparesis,3698406016,NA,32,Type 1 diabetes mellitus with gastroparesis,Diabetes Type One,,['efi'],eFI2 SNOMED CT 0.24 Renamed ConditionsPowerQuery_DiabetesSplitIntoType1or2
268,713702000,299601000000114,7000,C10EQ,C10EQ00,Gastroparesis with type 1 diabetes mellitus,3698406016,NA,32,Type 1 diabetes mellitus with gastroparesis,Diabetes Type One,,['efi'],eFI2 SNOMED CT 0.24 Renamed ConditionsPowerQuery_DiabetesSplitIntoType1or2
269,713702000,7708051000006112,1,^ESCTGA770805,NA,Gastroparesis due to diabetes mellitus type I,3297354019,NA,32,Type 1 diabetes mellitus with gastroparesis,Diabetes Type One,,['efi'],eFI2 SNOMED CT 0.24 Renamed ConditionsPowerQuery_DiabetesSplitIntoType1or2
270,713702000,12705071000006113,30,^ESCT1270507,NA,Gastroparesis due to type 1 diabetes mellitus,3297343012,NA,32,Type 1 diabetes mellitus with gastroparesis,Diabetes Type One,,['efi'],eFI2 SNOMED CT 0.24 Renamed ConditionsPowerQuery_DiabetesSplitIntoType1or2
271,713705003,84421000006115,10,C108C-2,C108C12,Type 1 diabetes mellitus with polyneuropathy,3297342019,NA,32,insulin dependent diabetes mellitus with polyneuropathy,Diabetes Type One,,['efi'],eFI2 SNOMED CT 0.24 Renamed ConditionsPowerQuery_DiabetesSplitIntoType1or2
273,713705003,84791000006110,2,C108C-1,C108C11,Polyneuropathy due to diabetes mellitus type I,3297390014,NA,32,insulin dependent diabetes mellitus with polyneuropathy,Diabetes Type One,,['efi'],eFI2 SNOMED CT 0.24 Renamed ConditionsPowerQuery_DiabetesSplitIntoType1or2
275,713705003,913821000006111,1,C10EC-1,C10EC11,Type I diabetes mellitus with polyneuropathy,3297390014,NA,32,insulin dependent diabetes mellitus with polyneuropathy,Diabetes Type One,,['efi'],eFI2 SNOMED CT 0.24 Renamed ConditionsPowerQuery_DiabetesSplitIntoType1or2
277,713705003,913811000006115,90,C10EC,C10EC00,Type 1 diabetes mellitus with polyneuropathy,3297342019,NA,32,insulin dependent diabetes mellitus with polyneuropathy,Diabetes Type One,,['efi'],eFI2 SNOMED CT 0.24 Renamed ConditionsPowerQuery_DiabetesSplitIntoType1or2
279,71771000119100,84391000006111,3,C108J-2,C108J12,Type 1 diabetes mellitus with neuropathic arthropathy,3010513018,NA,32,Type 1 diabetes mellitus with neuropathic arthropathy,Diabetes Type One,,['efi AND Lauren_codelist'],eFI2 SNOMED CT 0.24 Renamed ConditionsPowerQuery_DiabetesSplitIntoType1or2 AND snomed_for_LW_codelist_using_Pieta_powerQuery_DiabetesSplitIntoType1or2
280,71771000119100,84761000006119,100,C108J-1,C108J11,Type I diabetes mellitus with neuropathic arthropathy,3010513018,NA,32,Type 1 diabetes mellitus with neuropathic arthropathy,Diabetes Type One,,['efi AND Lauren_codelist'],eFI2 SNOMED CT 0.24 Renamed ConditionsPowerQuery_DiabetesSplitIntoType1or2 AND snomed_for_LW_codelist_using_Pieta_powerQuery_DiabetesSplitIntoType1or2
281,71771000119100,459296014,200,C10EJ,C10EJ00,Type 1 diabetes mellitus with neuropathic arthropathy,3010513018,NA,32,Type 1 diabetes mellitus with neuropathic arthropathy,Diabetes Type One,,['efi AND Lauren_codelist'],eFI2 SNOMED CT 0.24 Renamed ConditionsPowerQuery_DiabetesSplitIntoType1or2 AND snomed_for_LW_codelist_using_Pieta_powerQuery_DiabetesSplitIntoType1or2
282,73211009,292621010,50,C10yz,C10yz00,Diabetes mellitus NOS with other specified manifestation,121589010,NA,32,Insulin dependent diabetes mellitus,Diabetes Type One,,['Lauren_codelist'],snomed_for_LW_codelist_using_Pieta_powerQuery_DiabetesSplitIntoType1or2
284,73211009,616571000006118,1000,C10y1,C10y100,"Diabetes mellitus, adult, + other specified manifestation",121589010,NA,32,Insulin dependent diabetes mellitus,Diabetes Type One,,['Lauren_codelist'],snomed_for_LW_codelist_using_Pieta_powerQuery_DiabetesSplitIntoType1or2
286,73211009,77727018,70000,C10E-2,C10E.12,Insulin dependent diabetes mellitus,121589010,NA,32,Insulin dependent diabetes mellitus,Diabetes Type One,,['Lauren_codelist'],snomed_for_LW_codelist_using_Pieta_powerQuery_DiabetesSplitIntoType1or2
288,73211009,377001000006117,500,Cyu2,Cyu2.00,[X]Diabetes mellitus,121589010,NA,32,Insulin dependent diabetes mellitus,Diabetes Type One,,['Lauren_codelist'],snomed_for_LW_codelist_using_Pieta_powerQuery_DiabetesSplitIntoType1or2
290,73211009,772161000006119,90000,C1000-1,C100011,Insulin dependent diabetes mellitus,121589010,NA,32,Insulin dependent diabetes mellitus,Diabetes Type One,,['Lauren_codelist'],snomed_for_LW_codelist_using_Pieta_powerQuery_DiabetesSplitIntoType1or2
292,73211009,121589010,6000000,C10,C10..00,Diabetes mellitus,121589010,NA,32,Insulin dependent diabetes mellitus,Diabetes Type One,,['Lauren_codelist'],snomed_for_LW_codelist_using_Pieta_powerQuery_DiabetesSplitIntoType1or2
294,73211009,913711000006112,1000,C10E9-2,C10E912,Insulin dependent diabetes maturity onset,121589010,NA,32,Insulin dependent diabetes mellitus,Diabetes Type One,,['Lauren_codelist'],snomed_for_LW_codelist_using_Pieta_powerQuery_DiabetesSplitIntoType1or2
296,73211009,881441000006111,5000,C1000-99,C100099,Diabetes mellitus - juvenile,881441000006111,NA,32,Insulin dependent diabetes mellitus,Diabetes Type One,,['Lauren_codelist'],snomed_for_LW_codelist_using_Pieta_powerQuery_DiabetesSplitIntoType1or2
298,73211009,787111000006112,30000,C108-1,C108.11,IDDM-Insulin dependent diabetes mellitus,121589010,NA,32,Insulin dependent diabetes mellitus,Diabetes Type One,,['Lauren_codelist'],snomed_for_LW_codelist_using_Pieta_powerQuery_DiabetesSplitIntoType1or2
300,73211009,13781000006113,10,C10yy,C10yy00,Other specified diabetes mellitus with other spec comps,121589010,NA,32,Insulin dependent diabetes mellitus,Diabetes Type One,,['Lauren_codelist'],snomed_for_LW_codelist_using_Pieta_powerQuery_DiabetesSplitIntoType1or2
302,73211009,3690681000006114,5,^ESCTDM369068,NA,DM - Diabetes mellitus,502372015,NA,32,Insulin dependent diabetes mellitus,Diabetes Type One,,['Lauren_codelist'],snomed_for_LW_codelist_using_Pieta_powerQuery_DiabetesSplitIntoType1or2
304,73211009,772151000006116,800,C1089,C108900,Insulin dependent diabetes maturity onset,121589010,NA,32,Insulin dependent diabetes mellitus,Diabetes Type One,,['Lauren_codelist'],snomed_for_LW_codelist_using_Pieta_powerQuery_DiabetesSplitIntoType1or2
306,73211009,772171000006114,100000,C108,C108.00,Insulin dependent diabetes mellitus,121589010,NA,32,Insulin dependent diabetes mellitus,Diabetes Type One,,['Lauren_codelist'],snomed_for_LW_codelist_using_Pieta_powerQuery_DiabetesSplitIntoType1or2
308,73211009,293756010,70,Cyu20,Cyu2000,[X]Other specified diabetes mellitus,121589010,NA,32,Insulin dependent diabetes mellitus,Diabetes Type One,,['Lauren_codelist'],snomed_for_LW_codelist_using_Pieta_powerQuery_DiabetesSplitIntoType1or2
310,73211009,616681000006116,100,C10y0,C10y000,"Diabetes mellitus, juvenile, + other specified manifestation",121589010,NA,32,Insulin dependent diabetes mellitus,Diabetes Type One,,['Lauren_codelist'],snomed_for_LW_codelist_using_Pieta_powerQuery_DiabetesSplitIntoType1or2
312,739681000,12702381000006118,3,^ESCT1270238,NA,Diabetic oculopathy due to type I diabetes mellitus,3537386015,NA,32,"diabetes mellitus, juvenile type, + ophthalmic manifestation",Diabetes Type One,,['efi'],eFI2 SNOMED CT 0.24 Renamed ConditionsPowerQuery_DiabetesSplitIntoType1or2
313,739681000,913481000006113,400,C10E1,C10E100,Type 1 diabetes mellitus with ophthalmic complications,3537386015,NA,32,"diabetes mellitus, juvenile type, + ophthalmic manifestation",Diabetes Type One,,['efi'],eFI2 SNOMED CT 0.24 Renamed ConditionsPowerQuery_DiabetesSplitIntoType1or2
314,739681000,84401000006113,80,C1081-2,C108112,Type 1 diabetes mellitus with ophthalmic complications,3537386015,NA,32,"diabetes mellitus, juvenile type, + ophthalmic manifestation",Diabetes Type One,,['efi'],eFI2 SNOMED CT 0.24 Renamed ConditionsPowerQuery_DiabetesSplitIntoType1or2
315,739681000,913491000006111,3,C10E1-1,C10E111,Type I diabetes mellitus with ophthalmic complications,3698438014,NA,32,"diabetes mellitus, juvenile type, + ophthalmic manifestation",Diabetes Type One,,['efi'],eFI2 SNOMED CT 0.24 Renamed ConditionsPowerQuery_DiabetesSplitIntoType1or2
316,739681000,84771000006114,30,C1081-1,C108111,Disorder of eye with type 1 diabetes mellitus,3698438014,NA,32,"diabetes mellitus, juvenile type, + ophthalmic manifestation",Diabetes Type One,,['efi'],eFI2 SNOMED CT 0.24 Renamed ConditionsPowerQuery_DiabetesSplitIntoType1or2
317,739681000,14091771000006115,3,^ESCT1409177,NA,Disorder of eye due to type 1 diabetes mellitus,3779414013,NA,32,"diabetes mellitus, juvenile type, + ophthalmic manifestation",Diabetes Type One,,['efi'],eFI2 SNOMED CT 0.24 Renamed ConditionsPowerQuery_DiabetesSplitIntoType1or2
318,739681000,616601000006113,200,C1050,C105000,"Diabetes mellitus, juvenile type, + ophthalmic manifestation",3537386015,NA,32,"diabetes mellitus, juvenile type, + ophthalmic manifestation",Diabetes Type One,,['efi'],eFI2 SNOMED CT 0.24 Renamed ConditionsPowerQuery_DiabetesSplitIntoType1or2
319,754101000000103,1665751000000119,800,66At0-1,66At011,Type 1 diabetic dietary review,1665751000000119,NA,1,type i diabetic dietary review,Diabetes Type One,,['efi'],eFI2 SNOMED CT 0.24 Renamed ConditionsPowerQuery_DiabetesSplitIntoType1or2
320,754101000000103,1658861000000113,100000,66At0,66At000,Type I diabetic dietary review,1658861000000113,NA,1,type i diabetic dietary review,Diabetes Type One,,['efi'],eFI2 SNOMED CT 0.24 Renamed ConditionsPowerQuery_DiabetesSplitIntoType1or2
321,754461000000105,8232101000006117,700,^ESCTRE823210,NA,Referral to type I diabetes structured education programme,1659881000000114,NA,40,Referral to type I diabetes structured education programme (procedure),Diabetes,,['Caliber'],covid_impact_ccu00201_diabetes_England_SNOMEDCT AND covid_impact_ccu00202_diabetes_England_SNOMEDCT AND covid_impact_ccu000_England_diabetes_SNOMEDCT AND carr_diabetes_jQLxtg2Z3zPcXWge5Nv9tU_SNOMEDCT
322,80660001,3812051000006119,1,^ESCTMA381205,NA,Mauriac syndrome,2842355016,NA,32,Mauriac's syndrome (disorder),Diabetes,,['Caliber'],covid_impact_ccu00201_diabetes_England_SNOMEDCT AND covid_impact_ccu00202_diabetes_England_SNOMEDCT AND covid_impact_ccu000_England_diabetes_SNOMEDCT AND carr_diabetes_jQLxtg2Z3zPcXWge5Nv9tU_SNOMEDCT
323,80660001,1978871000006110,7,EMISNQMA111,NA,Mauriac's syndrome,133809016,NA,32,Mauriac's syndrome (disorder),Diabetes,,['Caliber'],covid_impact_ccu00201_diabetes_England_SNOMEDCT AND covid_impact_ccu00202_diabetes_England_SNOMEDCT AND covid_impact_ccu000_England_diabetes_SNOMEDCT AND carr_diabetes_jQLxtg2Z3zPcXWge5Nv9tU_SNOMEDCT
324,82581000119105,8024771000006113,4,^ESCTRU802477,NA,Rubeosis iridis due to type 1 diabetes mellitus,3011256017,NA,32,Rubeosis iridis co-occurrent and due to type 1 diabetes mellitus (disorder),DiabetesType1,Q code group Type 1 diabetes,['Manchester'],edh_t1dia_medcoideid.csv
325,83728000,3862321000006110,20,^ESCTPO386232,NA,"Polyglandular autoimmune syndrome, type 2",138849010,NA,32,"Polyglandular autoimmune syndrome, type 2 (disorder)",Diabetes,,['Caliber'],covid_impact_ccu00201_diabetes_England_SNOMEDCT AND covid_impact_ccu00202_diabetes_England_SNOMEDCT AND covid_impact_ccu000_England_diabetes_SNOMEDCT AND carr_diabetes_jQLxtg2Z3zPcXWge5Nv9tU_SNOMEDCT
326,83728000,3862391000006112,40,^ESCTPO386239,NA,Polyglandular autoimmune syndrome - type II,505752015,NA,32,"Polyglandular autoimmune syndrome, type 2 (disorder)",Diabetes,,['Caliber'],covid_impact_ccu00201_diabetes_England_SNOMEDCT AND covid_impact_ccu00202_diabetes_England_SNOMEDCT AND covid_impact_ccu000_England_diabetes_SNOMEDCT AND carr_diabetes_jQLxtg2Z3zPcXWge5Nv9tU_SNOMEDCT
327,83728000,3862361000006116,20,^ESCTSC386236,NA,Schmidt syndrome,505749011,NA,32,"Polyglandular autoimmune syndrome, type 2 (disorder)",Diabetes,,['Caliber'],covid_impact_ccu00201_diabetes_England_SNOMEDCT AND covid_impact_ccu00202_diabetes_England_SNOMEDCT AND covid_impact_ccu000_England_diabetes_SNOMEDCT AND carr_diabetes_jQLxtg2Z3zPcXWge5Nv9tU_SNOMEDCT
328,83728000,505750011,300,C181-2,C181.12,Schmidt's syndrome,505750011,NA,32,"Polyglandular autoimmune syndrome, type 2 (disorder)",Diabetes,,['Caliber'],covid_impact_ccu00201_diabetes_England_SNOMEDCT AND covid_impact_ccu00202_diabetes_England_SNOMEDCT AND covid_impact_ccu000_England_diabetes_SNOMEDCT AND carr_diabetes_jQLxtg2Z3zPcXWge5Nv9tU_SNOMEDCT
329,83728000,3862351000006118,1,^ESCTTY386235,NA,Type 2 polyendocrine autoimmunity syndrome,505748015,NA,32,"Polyglandular autoimmune syndrome, type 2 (disorder)",Diabetes,,['Caliber'],covid_impact_ccu00201_diabetes_England_SNOMEDCT AND covid_impact_ccu00202_diabetes_England_SNOMEDCT AND covid_impact_ccu000_England_diabetes_SNOMEDCT AND carr_diabetes_jQLxtg2Z3zPcXWge5Nv9tU_SNOMEDCT